965 -465 743 783 851 -119 184 -644 -938 -302 -34 -66 -795 -245 -580 -389 776 254 -884 817 -343 651 -637 422 -817 -457 10 54 310 -513 5 162 -16 1 175 -585 546 -367 508 -179 552 -88 977 -579 911 -30 838 -980 794 -359 689 667 -406 -837 522 48 -601 257 590 779
935 -936 175 960 -346 -944 876 -912 272 766 870 -767 -687 346 567 -219 -612 -232 -30 511 881 784 839 -280 545 -496 -636 447 -857 -480
-838 498 -177 627 990 -932 -525 459 71 -468 649 -137 756 -19 -922 -129 377 894 -738 -580 -550 875 -455 -918 256 -831 137 658 -554 605 -11 -620 -747 -992 655 91 448 116 -266 728 504 -561 633 -550 -343 565 99 -533 -927 703 123 820 400
-161 844 972 681 916 -209 310 -455 40 -823 897 -696 -923 -581 222 542 -878 468 976 -745 760 2 -528 -374 315 -451 223 899 585 96 -464 883 -226 -155 -546 -584 86 -124 -92 673
840 -274 -776 74 519 -70 -913 380 791 446 172 -216 -616 -608 -404 691 -957 27 -547 -996 -603 132 642 770 486 31 -373 -460 513 402 527
770 754 674 158 291 415 -225 -845 413 462 -42 954 -228 351 -70 655 -54 -135 384 -139 883 41 12 -360 -15 660 729 859 -599 -168 -313 -171 28 654 387 719 549 602 914 -599 -674 -898 -439 216 -850 557 835 -570 425 595 -758 -686 171 243 -967 -356 333 98 -602 -30 549
200 -365 666 394 -959 -32 -226 -306 335 16 43 -208 -405 -615 -361 -824 371 -995 860 -307 608 521 -799 -581 -536 -815 118 -941 490 795 878 -286 -434 854 -265 -696 -848 -85 326 -518 -777 -513 343 -879 980 805 -321 -313 -611 358 155 402 -471 -726 -422 -562 610 -296 -634 978 150 788 903 241 307 -965 272 882 -337 -464
-563 768 -43 -536 310 -105 -521 -481 -675 -416 -908 -670 -85 901 640 -241 -566 -780 103 -418 651 926 983 733 927 802 352 -414 285 752 41 103 721 -801 952 -502 184 -401 -59 991 -781 -328 -955 -84 -588 -611 318 467 960 100 175 -669 -458 -687 214 534 -155 360 -66 -696 176 -740 -934 7 735 -406 823 -331 -285 907 377 83
496 551 -790 -3 -536 -56 806 339 -703 -736 -374 226 -77 508 587 -465 -906 -212 847 -996 -795 -477 -235 -538 -376 141 699 227 -276 818 -58 729 -208 -398 737 243 -1 -161 -906 -492 -998 895 659 -341 380 -762 833 328 863 974 -680 244 -891 -50 847 76 122 739 -840 149 595 -484 -222 782 781 432 299 -628 -433 827 -986 280 909 -374 540
974 52 800 -485 313 618 933 740 566 309 -653 -668 987 -104 980 -173 -255 647 627 -902 217 -539 -586 -188 111 775 -455 -963 724 380 163 -783 142 -465 632 -317 -599 -501 716 -719 950 -623 -667 -810 460 0 -19 595 784 -786 693 132 -299 -801 690 -893 -119 -351 837 -811 630 978 -498
-690 356 -551 -479 602 451 505 148 231 591 -585 -982 -463 -258 -749 -665 -284 -166 452 146 -371 832 253 662 554 -844 -145 -509 262 -226 -182 456 434 967 -782 191 358 497 784 148 5 597 365
-133 -695 -500 775 -82 -866 821 -470 364 -474 343 -477 576 212 403 -544 -224 -192 915 -2 214 -76 373 952 -616 841 -428 -423 907 235 402 -409 -297 -293 72 737 -669 -434 777 615 -483 -562 -691 -808 -952 -149 609 -958 -402 362 -312 -765 219 0 134 -600 439 519 228 412 -273 84
541 -756 -63 389 -785 -94 -916 811 75 -15 348 -475 312 -725 -765 870 -624 -149 -688 -363 -219 241 -876 552 408 561 -62 -616 597 -469 -330 673 -698 523 -996 497
582 -755 -408 635 -695 -790 77 -212 -30 574 -72 -855 -477 -665 540 646 -246 -549 -72 243 961 782 357 822 -140 302 507 -608 547 31 228 150 -117 772 40 424 592 -744 752 560 -460 -992 59 633 408 -24 -521 -579 68 -79 -902 -222 491 -361 -428 679 -482 970 263 -111 -695 -626
-574 876 -311 985 -444 -969 444 47 845 883 -191 -861 -192 -14 661 -472 663 -27 127 181 -910 -208 657 457 367 -915 525 523 170 338 -118 -848 -221 -811 -819 -151 -916 -886
-855 -832 413 -310 654 -798 936 -214 995 -873 303 -838 -210 -660 864 350 482 630 -581 -426 10 104 721 177 -423 -908 -939 -904 684 754 -665 986 -976 -774 51 -705 130 -154 964 681 947 -689 -959
-251 -905 -676 526 -48 -236 -301 -467 490 898 -187 381 496 -330 314 -258 -610 407 -317 943 -745 -306 -430 204 -459 -31 -1000 840 685 725 916 -627 98 -927 -66 -341 -917 21 651 -274 -520 -747 -291 800 785 326 290 -346 347 903 -436 -777 848 -463
333 404 -760 -484 283 65 551 42 -590 -148 787 50 -501 869 250 -922 -327 -810 654 -560 252 -754 -384 -370 147 703 -695 411 -743 421 310 756 -14 913 -25 709 -162 586 383 -835 -723 -110 153 489 -493 -870 -619 634 685
-229 485 -691 -317 -294 -95 677 387 286 750 507 -16 601 -818 480 55 326 -983 131 20 -225 519 580 828 891 247 458 -369 -411 -222 131 299 166 75 878 -77 -698 483 678 -800 812 828 -357 -681 472 613 -801 9 376 409 -608 148 156 -166 -154 386 725 -152 -692 17 342
-473 -718 558 -347 175 183 286 -474 -369 460 788 -418 -722 578 -14 -536 -269 -805 474 -380 -22 357 164 -856 -873 -578
655 621 982 -478 -904 -53 -484 -47 779 -827 225 -96 -437 -425 462 -611 6 -283 -531 -680 -422 706 388 -446 -653 69 -627 -331 94 -735 2 544 394 -331 -867 488 -459 941 715 -57 958 -112 -674 934 395 -201 906 187 -310 473 -710
-702 308 422 -445 163 349 -576 -281 -336 -532 -302 -725 961 -331 -876 -780 930 712 -172 -468 -507 278 -153 818 -245 -706 -654 733 -1 497 421 -277 29 -679 -364 209 298 715 -873 -328 -685 -575 -814 917 278 895 -876 533 -153 -695 -918 -654 -914 -695 165 809 -722 532 637 -515 -168 -752 199 -334 -620 744 -797 305 315 111 -711 -495
-523 327 852 13 -121 -986 -444 -748 819 -229 -725 -86 -769 191 -624 -89 -598 -841 512 203 -148 705 -774 599 761 318 -258 -419 371 475 19 -871 690 -144 -835 -569 -592 -408 248 867 -810 -228 -830 945 293 306 -921 316 35 568 597 578 522 -760 -945 811 515 -376 -62 878 -888 149 -736
-92 428 -399 165 593 -146 151 737 40 -270 464 -374 189 845 480 247 333 -35 -468 391 -561 -908 -271 710 -63 640 925 12 -719 463 -743 -987 -162 657 761 -196 -123 -394 -206 154 330 87 -250 462 563 -696 -128 848 -363 649 245 -228 -99
-140 24 349 924 -903 -981 884 76 -810 -289 -276 -48 -826 919 -916 450 419 -848 910 -938 -922 -192 -164 -95 124 -619 -115 -229 738 -87 79 -935 -199 -174 -779 -105 162 -278 -422 875 933 -507
807 -761 771 938 596 624 -508 -461 -251 563 588 684 -746 136 109 65 -747 939 344 824 105 466 -546 708 -311 897 340 -414 -977 -79 -786 -402 -856 983 -764 884 427 -724 -10 493 203 -221 -134 426 -519 681 201 493 557 -851 -466 -106 682 -211 452 20 -428 406
-274 -542 -34 925 70 493 493 -143 863 -893 124 673 -816 -796 -426 969 992 496 706 -789 -988 -715 288 -88 108 642 308 441 109 209 781 818 -179 -286 -801 817 -455 -96 67 111 754 -361 -471 -962 627 253 -624 121 -906 334 498 689 -722 -280 -55 -680 390 -262 694 -840 752 -622
611 -753 353 636 -310 -623 -53 -455 -188 251 -606 -178 -562 678 -19 649 419 464 598 -857 -414 130 -595 163 -292 -109 764 459 -8 -476 743 -317 -340 -922 -576 -146 -725 14 511 542 -541 -904 -173 -559 -81 -43 921 -331 -91 875 131 -191 -9 -504 557 55 -311 -941 76 -357 517 -231 752 926 -238 240 649 -269 554 -410 883 477
466 270 -544 246 -345 951 420 -693 -807 -812 -410 792 -387 -543 -335 -76 187 -572 -451 165 41 -941 -302 208 707 29 641 43 346 -56 204 326 326 875 853 -19 -868 958 552 -438 -264 -660 867 -407 -983 995 29 312 442 -370 823 308 -982 555 -492 -643 858 -456 624
631 486 -243 -956 -429 -184 390 948 44 647 -474 -454 -496 934 106 739 -422 83 794 74 392 -655 981 -718 362 -865 365 -62 -349 -841 557 646 -884 -361 -820 -558 952
-141 582 895 438 -661 167 174 794 -918 -94 -59 -29 -365 59 994 874 354 269 -448 -833 -172 715 856 75 187 131 62 -772 533 345 -267 17 -460 -193 -645 -981 -84 -624 227 412 -145 335 -887 623 206 240 335 423 907 306 232 -76 -591 -559 -994 89 633 -32 609 -574 817 729 -229 -22
-280 890 -34 738 665 21 583 449 -431 148 698 289 -807 -564 216 732 -9 600 -348 512 -210 -415 174 -735 -993 489 -971 642 -312 -810
-828 -340 621 -261 -23 -493 141 282 -974 746 769 445 330 591 642 -206 -431 862 898 258 -240 -623 -17 684 492 -230 -117 -757 -988 -516 576 -111 -59 615 -922 965
959 -388 -497 -366 -839 -638 884 173 320 -921 350 -42 236 -632 -367 -389 -769 288 -784 614 171 -176 710 -677 -268 -926 324 421 -499 -721 64 405 670 -872 -408 687 654 -392 -717 -890 89 793 731 183 -4 -704 528 -8 937 -343 661 410 -823 321 681 -168 -609 -514 -332 -149 681 537 -256 -510 135 498 -408 433 634 962 -589 -72 -28 -990
399 -419 874 -609 903 880 680 906 -665 -871 -402 -780 436 -755 404 105 945 -734 -15 -3 696 -633 301 -111 -252 -243 -882 -114 -947 386
98 -425 -368 -674 -324 -271 182 -305 488 962 340 -140 -866 -744 276 -677 -345 -842 -254 941 918 -881 703 844 903 -134 -808 -442 -161 979 -461 -736 -557 -942 -415 -244 9 -654 -94 432 280 -109 -657 446 741 -999 138 276 51 875 529 183 -64 -755 -580 66 -699 -143 -379 -447 -251 615 -188 774 -390 282 891
217 785 -651 76 475 813 588 207 -247 -336 661 -549 136 800 -69 -69 308 251 168 -38 54 255 609 899 924 -889 190 233 -339 -293 -842 -493 -652 555 358 -853 807 -75 -842 262 -477 621 367 -748 -492 -574
158 196 450 -61 -653 -832 473 861 -148 -606 -965 -12 740 -49 -574 271 233 77 694 589 155 410 -93 501 -824 -578 -128 -171 293 -261 -778 -167 367 -392 836 175 171
1 122 789 281 -480 -876 449 -508 548 588 583 676 11 -115 896 173 -308 -35 598 914 394 -394 368 -844 -789 100 290 576 521 -98 -141 -102 -114 -547 514 -56 626 -131 871 -333 151 440 151 685 229 -408 919 -569 242 66 150
990 107 614 -49 -857 -253 160 44 -542 -714 -287 66 -533 -96 -952 731 66 271 -483 296 738 -215 -469 -840 985 26 846 -321 698 45 -330
440 -393 777 -707 52 748 -360 -883 731 299 -457 -281 386 269 141 -37 -356 -401 -580 580 169 -17 694 503 -159 -841 -590 118
422 389 -732 486 6 718 391 -793 798 393 386 -849 -792 -331 -317 -392 -212 -987 642 -195 106 358 181 582 486 -752 -497 -475 -924 408 623 -295 -70 770 246 557 -641 545 -249 -756 -780 -880 -691 560 617 -820 -416 137 21 -902 198 971 -824 968 -285 524 -368 -508 -429 -496 73 -387 888 732 -369 -299 49 -952 647 891 936
-759 974 -850 -265 201 -30 318 604 495 350 -815 -833 394 344 -165 816 987 -41 -997 -977 -731 960 823 807 -532 955 -283 -655 -384 -309 -203 111 841
-968 -451 100 636 -642 219 786 799 277 -122 -733 -59 -150 -477 901 -285 -256 -956 -733 -520 489 991 -738 29 721 -223 556 295 955 991 665 -97 441 -799 39 -572 -801 356 -338 -565 -785 339
356 131 506 -235 -316 128 132 412 930 498 -404 -168 -273 653 -501 -975 -972 45 -663 -754 -593 -869 -830 416 981 -649 144 -560 -22 -32 -687 579 689 -679 92 824
-271 -18 -909 819 589 82 -773 -680 -257 179 -990 -961 -188 -296 -834 -25 -166 -587 843 248 558 840 -744 -944 -648 -722 -111 -254 116 165 -29 321 484 -322 824 956 388 745 596 -292 475 -640 443 -363 -383 919 -165 920 300 -825 913 -121 -649 500 968 -890 727 927 90 -539 -528 640 556 -238 -740 719 923 357 -815 62 -915
205 802 824 401 671 -402 -311 -975 -219 678 270 75 -394 734 -587 712 -510 -292 -37 -805 559 231 -734 -249 947 -90 638 634 -829 966 -39 -627 -214 577 -634 765 375 -965 533 228 13 -894 452 996 -635 -360 183 114 8 -591 -695 755 347 -816 -418 -749 794 266
638 -513 -223 -699 897 179 851 -372 785 -176 824 437 779 -423 -55 -534 350 -720 599 -674 288 -183 760 297 138 -502 575 -735 -469 703 527 510 -592 689 -516 -698 -633 -614 80 -575 579 942 -138 76 -659 -83 -225 -334 -611 -985 -120 -568 351 95 -794 -697 -50 -384
391 -860 552 -281 -256 -287 -694 -863 62 773 675 -936 -294 581 -560 755 -726 813 -283 867 877 736 678 105 -116 498 -808 -301 345 -924 -28 518 -342 257 2 912 -774 425 -913 -665 307 128 883 -804 488 966 -185 -63 422 -104 769 -459 45 907 200 -867
-113 502 931 980 -201 -57 68 -101 -365 206 856 506 764 -868 -20 -233 -106 700 -103 543 495 -634 -160 -951 -940 446 985 -180 -942 301 101 455 837 77 28 204 -156 -285 -353 678 -973 310 977 63 572 647 324 304 876 632 -347 -111 -82 -836 519 -300 -924 -394 460 635 591 254 -976 -615 -158 -485 -620 -573 2 -59 -409 857 -315 53
503 286 962 -395 935 -72 -830 -17 944 3 365 194 852 -731 473 764 -844 626 141 -859 660 887 -935 -796 290 -356 276 -360 869 -40 856 522 105 -967 804 84 -595 -852 -205 444 -170 511 263 723 -275 -482 -753 652 600 782 -32 204 373 -738 -735 764 -858 -266 374 279 -658 97 694 -295 -305 908 92 410 807 -977 595 -704
506 615 -138 -310 962 486 76 -660 -106 281 572 471 190 -120 -196 -557 534 280 -700 -922 742 -909 447 723 933 -73 617 344 -971 -86 -687 -349
-803 786 851 834 569 -415 499 464 152 867 -329 -394 900 396 -150 776 -621 -506 -562 -498 710 446 -436 -717 771 -928 -328 -631 899 926 -405 -513 54 202 291 72 505 -806 445 898 -111 -548 834 255 550 138 846 278 637 -582 -555
-270 -843 -72 954 -481 -659 208 -872 -247 -746 -699 -759 -402 -337 320 756 -606 414 -865 138 -588 -644 100 -689 771 -387 -794 -991 -849 -981 -677 196 296 -16 705 -831 -690 606 -447 -121
735 931 21 151 802 886 -861 -176 280 829 793 -94 -264 164 695 -85 310 -227 -989 -232 -971 -328 -321 577 -134 -859
798 915 191 -410 893 -112 189 -581 920 429 368 -580 236 952 -720 -208 -513 753 959 609 -454 74 -511 730 -678 -951
-204 559 -922 913 -672 847 -856 824 -772 953 972 -96 -780 507 -783 -606 -502 149 -310 746 -369 818 930 -388 -775 -92 804 -463 -621 855 -477 -520 -612 166 724 -58 -961 987 389 -958 343 88
568 186 -817 -246 917 917 -779 -467 303 -466 802 384 -723 396 954 -212 -664 -926 -329 -350 885 -17 -708 544 -309 755 110 735 -220 -527 -759 845 -636 693 854 579 -895 566 266 -415
353 967 838 610 -568 621 142 647 -541 735 728 200 773 -974 -453 882 -835 -199 124 -987 812 474 74 66 -300 975 304 -814 -3 -439 43 -30 -67 -437 -421 221 360 309 807 672 465 -783 -799
-682 244 510 -366 584 289 784 962 924 -362 800 756 -617 684 275 371 -778 -425 295 -274 -491 578 273 32 -522 210 913 466 950 210 625 283 722 -513 689 -407 -489 481 -21 -380 622 -575 714 -667 -706 92 540 176 668 206 -991 -415 -924 -999 483 963 805 451 -551 -310
785 -148 -335 871 861 347 967 -697 183 233 -830 843 -105 659 -336 -396 -923 -931 -488 -662 -861 -499 -213 -408 818 -138 131 -383 818 110 138 -51 -997 -258
-40 35 378 717 993 -134 11 -820 724 821 -798 264 -874 -906 93 962 -125 -79 -781 -301 684 -876 -499 427 644 360 699 356 436 -826 110 25 763 217 -903 -233 -353 -118 -106 461 -4 -597 -900 -693 322 942 603 -147 -885 -498 67 269 -432 447 -162 377 -81 119 667 814 979 307 -437 -310 -971 -489 -198 -288 751 -155
-200 317 550 -671 603 -830 -612 -819 -436 -508 -430 -161 629 -33 -466 583 -251 -758 -613 82 123 991 112 691 872 962 677 723 209 160 165 -858 107
-463 -226 100 454 661 -193 -108 379 -453 936 833 -632 -905 -647 124 520 98 830 841 423 -388 -184 -256 -892 -106 947 -550 602 372 -357 396 302 -172 -101 -252 -985 -763 -443 -186 -783 -29 141 -204 -785 -187 47 -244 885 744 -564 -458 -860 823 256 581 -667 -960 -765 548 -270 292
257 -969 898 828 -369 453 412 895 733 815 415 46 -805 586 -133 -702 -71 -608 -128 -550 -139 -157 540 73 -466 -819 -873 -214
138 -402 -826 -496 149 612 -924 250 -786 -849 662 -97 -246 225 847 -246 789 388 -451 827 323 426 -797 -520 530 -860 986 814 468 343 -436 -662 -607 -941 -504 -745 -17 -112 287 288 203 -395 97 139 697 -986 -374 392 131 808 -963 583 873 -21 -929 256 217 125 852 661 -103 817 -507 900 882 227 437 470 985 910 -357 798
-975 247 -587 -872 969 4 205 -33 157 -855 854 281 816 85 -744 928 449 382 -425 -158 370 310 403 -861 356 -652 135 -833 -959 -291 544 -893 -686 952 -778 -201 -632 38 61 279 371 358 -202 821 -724 -30 -420 -527 -693 -704 195 420 626 -543 711 -235 346 277 -640 609 -59 513 113 -671 -420 719 12 -235
892 97 235 518 -402 727 -38 461 -462 -586 -664 -444 -161 -731 47 728 810 -405 -698 -63 420 955 -458 355 -94 176 -574 597 -341 183 -307 602 -111 170 -783 99 643 476 72 842 -732
-251 832 -679 34 -11 -397 398 261 947 316 648 522 857 153 803 -330 -660 -790 698 -264 -982 369 -78 -932 152 568 -613 363 -739 668 -272 66 -444 787 -726 532 612 -214 -898 804
-459 -203 -287 -767 290 -380 586 161 -966 588 -909 35 -366 243 626 -750 -781 -899 -433 235 178 -604 -496 861 -130 361 -636 836 -957 286 -115 413 59 952 -509 191 720 761 270 -779 327 59 379 -905