-351 -836 -490 -754 N/A 749 -602 -598 -331 966 N/A -715 -252 N/A -928 486 N/A 298 N/A 139 -270 248 -433 704 -465 680 738 N/A 170 N/A 470 -299 N/A 157 N/A 683 -467 724 -226 443 -429 94 204 N/A -848 N/A 323 786 -623 -996 -548 N/A -793 233 -386 N/A 591 N/A -955
-774 N/A -443 -944 -944 -546 -159 879 495 22 N/A 188 N/A -669 839 89 N/A -523 994 -770 N/A 29 -888 -335 292 N/A -461 N/A 139 13 N/A 470 N/A 38 182 -74 -194 N/A -286 -527 -548 969 953 300 N/A -669 -599 N/A 538 -62 371 398 N/A 575 -780 -267 -833 N/A 721
481 -433 -875 -441 91 N/A 676 -534 -313 -684 -706 N/A -849 N/A -246 -76 N/A 326 N/A -904 N/A -452 610 749 N/A -86 871 741 N/A -441 -226 -969 N/A -759 -844 276 -703 -955 N/A 243 989 103 N/A 363 N/A -532 528 800 845
378 133 N/A -219 N/A 488 885 N/A -48 322 229 641 N/A -627 619 450 818 -630 N/A -380 529 454 N/A -747 280 N/A 987 N/A -124 364 533 171 -514
-531 N/A -246 178 N/A 470 950 986 709 876 171 -192 -51 -59 -736 N/A 223 N/A 732 -71 N/A -938 751 -763 N/A -68 -58 302 N/A 167 -918 N/A -385 N/A 103 N/A -82 -146 -149 N/A -875 -720 725 322
748 397 -934 N/A 920 982 -458 591 N/A 668 55 532 N/A -451 937 -193 -579 N/A 559 -730 40 317 N/A -531 -36 -836 N/A -118 -165 378 N/A 0 N/A -325 -604
962 264 N/A 474 N/A -694 -857 -4 -560 -542 843 N/A -197 582 770 N/A 972 -957 N/A 634 N/A -467 -523 N/A -867 427 438 826 -243 -743 N/A 84 203 N/A 676 633 660 N/A 662 153 N/A 601 990 -249 -777 -370
-373 -404 -546 -256 N/A 853 -687 77 N/A -48 385 464 -68 -301 -360 N/A 904 -51 -437 -555 N/A 126 -689 N/A -182 -418 N/A -908 N/A -722 500 413 -193 -34 N/A -8 N/A -342 N/A 139 252 -129 991 N/A -975 -570 N/A -653 -634 -375 N/A 15 -338 N/A -235 493 -312 N/A -253 -475
610 N/A 100 -926 7 706 973 N/A -688 536 N/A -863 175 N/A -197 N/A 203 73 876 939 251 -728 338 N/A -867 N/A -565 321
117 N/A -2 N/A 261 N/A -865 N/A -631 N/A -640 -775 -391 317 523 560 -137 73 N/A -424 -652 113 -446 -631 606 -90 380 -767 509 -654 -888 N/A 34 309 -804 N/A 853 N/A 639 -957 N/A -677 -274 -785 -453 631 N/A 192 -740 N/A 702 -786 -530 N/A -289 -1 273 N/A -793 N/A 345 326
-113 N/A -81 N/A -788 61 550 -754 N/A -569 957 -646 826 -232 -530 510 347 N/A -54 -443 N/A -137 679 878 N/A 940 154 -147 238 N/A -443 -163 -655 685 -94 N/A 312 967 752 -91 N/A -917 N/A 12 N/A -436 -237 N/A -709 577 N/A 347 N/A 530 -155 -943 -744 216
453 118 669 -180 519 N/A -783 N/A -686 N/A -875 61 N/A 851 173 -2 N/A -155 367 N/A -480 N/A 77 N/A 362 -998 N/A 395 N/A -285 168 379 311 -202 -629 -194 455 N/A -842 -280 252 90 -923 N/A 180 -176 N/A 574 -494 193 N/A 725 434 -687 -269 N/A 89 -33 N/A 390 -583 816 172 N/A 97 312 -296 41 -899 N/A -932 531
892 -720 233 N/A 901 89 -222 106 N/A 181 -168 -919 681 N/A 846 -938 N/A -915 961 496 N/A 26 320 15 952 N/A -296 530 -792 N/A -98 310 N/A -274 N/A 609 194 892 -531 92 -100 742 N/A -337 -56 -447 148 N/A 23 N/A 713 -501 882 844 N/A 293 429 -281 557 86 N/A -454 N/A -635 -868 N/A -11
-605 N/A 77 N/A -105 -501 -265 N/A 278 N/A 979 -953 559 -100 -665 -399 N/A -490 N/A 967 -459 121 -667 45 161 N/A -585 871 44 -341 N/A -846 -436 N/A -955 N/A 34 793 585 N/A 679 824 N/A 913 698 -423 303 -422 818 N/A 212 885 -114
922 827 N/A -918 -65 698 59 148 89 -654 100 324 N/A -622 N/A 305 N/A 302 N/A 449 252 N/A -301 815 -990 184 N/A -846 862 743 N/A 483 526 N/A 779 -901 791
88 -84 N/A 468 -38 N/A -869 398 469 668 145 N/A 937 109 -751 -675 N/A 346 -357 430 N/A 221 784 -233 -506 -129 -96 -14 358 N/A -243 -522 -862 N/A 973 -261 N/A 34 N/A -372 N/A 877 -846 -401 N/A 354 809 N/A 714 316 N/A -917 -240 -157 -949 -627 N/A -748 135 420 N/A 699 N/A 350
307 394 925 -367 -859 681 N/A -104 261 662 N/A -541 -156 -13 N/A -96 -406 N/A 948 -51 765 687 -877 88 -121 -691 59 13 118 N/A -214 N/A 241 -842 -466 -319 -656 7 N/A 49 N/A -259 N/A -595 459 N/A 981 -649 883 -403 -106 908 -859 N/A 551 N/A -715 N/A 422 -197 -304 -620 N/A 713 N/A -499 -717 N/A 349 -983 N/A -397 N/A 275
783 -424 -533 124 530 -678 -33 -774 N/A 158 -890 N/A -534 N/A -261 N/A -555 N/A 717 N/A 634 -995 -988 N/A 843 430 712 189 909 -199 749 226 N/A -138 N/A -972
-911 307 -403 N/A -614 -359 N/A 612 N/A 245 -876 413 554 -13 N/A 908 N/A 922 N/A -813 N/A -788 448 261 N/A -684 -464 -50 -193 -413 N/A 511 -893 522 N/A -119 N/A 900 572 544 -761 -539 379 940 -837 N/A 721 N/A 923 371 961 -525 -120 -449 N/A -80
446 N/A -689 -276 N/A 868 -365 711 441 228 N/A 826 287 -383 N/A -47 N/A 289 -820 N/A 452 N/A 36 271 -330 527 -986 375 -228 877 N/A -194 579 N/A 414 N/A -920 -954 65 445
106 N/A -219 807 241 -686 560 387 898 N/A -816 290 N/A -698 862 N/A -535 660 -404 -443 897 N/A 476 -84 80 -232 N/A 679 766 -902 -257 956 -742 -712 N/A 583 487 N/A -312 529 N/A 462 362 -150 N/A -947 535 N/A 848 -713 -33 N/A -978 N/A -886 -831 801 N/A -446 -856 N/A -37 N/A -622 -93 -832
-487 N/A -968 N/A -159 -552 894 551 -769 N/A -277 N/A 478 249 N/A -629 196 -276 273 157 N/A 50 586 -115 N/A -580 N/A -4 -230 786 -214 N/A 51 191 940 851 -793
-473 391 -711 N/A 993 -651 203 N/A 561 323 -73 N/A -471 25 N/A 394 -62 -439 -122 N/A -501 256 -707 -718 314 952 N/A -357 -534 348 N/A 681 946 -533 N/A -826 232 N/A -933 844 N/A 42 307 N/A 554 -946 -873 -364 769 N/A -867 N/A 277
-434 N/A -322 705 N/A -562 -943 N/A 97 403 N/A -632 N/A 36 -991 N/A -913 817 N/A 244 581 867 -757 N/A 907 579 N/A -186 N/A 700 851 247 639 N/A -158 823 -960 53 -761 271 281 N/A -669 572 993 -509 N/A -575 -360 -710 -257 -64
-487 14 N/A 221 942 849 -986 N/A 600 N/A -641 821 -328 N/A -804 812 378 -674 -581 707 77 N/A 903 N/A 459 -49 -591 N/A 926 -14 N/A 230
-341 N/A 635 352 -321 N/A 783 N/A -154 N/A -855 -60 716 -161 134 51 N/A 541 -819 -537 847 409 -929 -287 N/A 753 N/A -140 N/A 517 -221 -230 N/A 1 N/A -704 199 N/A -348 811 891 64 -798 N/A -742 -831 465 -1000 889 762
830 681 -973 -319 479 70 N/A -662 -935 236 468 -884 N/A -429 959 N/A -910 -439 916 N/A 420 N/A -343 -390 N/A -264 -63 743 N/A -652 700 659 N/A -20 897 N/A -314 973 N/A 335
-949 -306 -126 124 N/A -231 868 899 755 -331 N/A -814 -781 N/A 98 N/A -493 -841 N/A 778 464 N/A -608 455 N/A -140 -844 -18 593 782 N/A 40 N/A -599 N/A -652 201 868 905 -380 -1 809 N/A -289 699 318 N/A -244 N/A 795 -595 -418 N/A -364 -654 -676 879 -352 261 N/A 519 570 N/A -313
-597 -633 -476 9 -995 -401 -985 -378 -475 N/A 615 N/A -414 -754 -677 -747 N/A 591 -501 N/A 109 -805 N/A -572 -867 761 -140 N/A 158 N/A 327 862 -132 N/A 354 356 N/A 55 268 N/A -812 468 -662 551 N/A 422 -152 661 N/A 976 -482 N/A 894
-75 -566 -588 -98 N/A -627 833 53 504 N/A -100 852 N/A -113 910 -181 -590 N/A -542 N/A -29 N/A -956 -194 279 N/A 724 967 -953 570 240 387 N/A 441 N/A -631 437 N/A -359 N/A 639 -691 537 -996 -592 111 889 N/A -363 N/A 63 793 -97
811 N/A -578 709 N/A 878 461 -716 N/A -882 -838 -676 N/A -286 -443 N/A -180 672 N/A -446 -977 221 603 N/A 105 457 -609 -733 99 405 464 295 N/A -237 N/A -899 -509 -587 N/A 793 N/A -173 -548 -537
174 928 -980 -277 N/A 99 -143 -941 531 240 N/A 237 -102 -769 472 -617 N/A 945 161 N/A -885 N/A -503 N/A 685 N/A 814 51 -800 912 -499 N/A 481 26 N/A -739 847 N/A -524 257 -142 N/A 637 256 -849 N/A -971 -139
-468 -506 N/A 159 -81 -212 -334 -975 682 978 N/A 444 -546 N/A -675 N/A 874 -988 N/A -473 -349 947 595 N/A -314 974 414
-531 556 N/A 794 N/A -32 N/A 479 N/A 145 714 290 38 -264 -703 867 576 917 N/A 417 291 -305 -46 -541 844 N/A 950 -150 N/A -686 570 N/A -836 N/A 288 -558 413 N/A -662 738
705 -916 -914 228 266 3 -587 N/A -303 -41 N/A 754 919 777 633 N/A -450 311 -482 -473 -49 N/A -304 -127 -981 N/A -87 446 722 N/A 612 -828 -336 N/A -926 N/A -813 -313 N/A -798 -567 -617 968 N/A -286 407 N/A 313 N/A -212 N/A 373 -273 -188
785 -998 N/A 58 989 N/A 305 -488 N/A -494 514 -633 685 979 838 N/A 66 -137 N/A -572 74 N/A 182 -202 -451 -496 786 172 358 N/A 128 N/A -526 3 N/A 845 525 N/A -396 N/A -401 N/A -866 750 -648 229 512 573 N/A 95 204 -209 -269 N/A -210 -220 -604 328 N/A -320 N/A -945 -405 -468 507 N/A -409 532 760 -707 753 693 N/A 987
-476 N/A 117 -415 N/A -604 -443 139 N/A 729 N/A 978 N/A 894 694 843 -585 959 499 -247 N/A -585 299 247 -891 -752 N/A 544 443 N/A -824 N/A 316 -221 N/A 433 -352 453 N/A 364 -255 815 N/A 872 -287 -39 272 -388 256 N/A 382 525 N/A -433 148 -193 -297 -211 725 N/A -282 682 -611 N/A -96
-889 N/A 318 628 N/A -754 -350 886 782 458 -835 463 N/A 12 -683 99 N/A 744 N/A 833 -644 N/A 965 332 908 198 926 -540 -547 N/A 979
479 801 N/A -372 -695 489 N/A 721 773 N/A 913 549 N/A 993 18 N/A -365 100 -146 181 -670 -760 N/A -978 523 539 211 343 -955 N/A -464 N/A 786 -624 371 N/A 149
280 -298 -237 N/A 154 N/A -439 759 N/A 638 794 102 340 N/A 932 -20 461 N/A 901 -122 652 -436 16 970 602 N/A -16 N/A 736 687 712 352 -705 850 -405 N/A 37 90 -128 N/A 448 154 N/A -715 N/A 233 -158 N/A -781 N/A 396 N/A -118 430 -678 N/A -678 N/A -277 523 -156 554 322 766 -592 N/A 858 -564
492 533 N/A 125 -596 390 495 N/A -508 N/A 830 N/A 522 334 -415 N/A -611 -313 212 -968 N/A 277 -793 -681 -989 518 -781 180 N/A -852 -377 N/A -755 993 -100 54 611 461 -629 785 -101 -267 N/A 675 970 -905 -745 397 -118 N/A -870 N/A 85 -666 N/A -923 -248 N/A -733 N/A 147 975 -657 N/A 30 -825 -36 N/A -956 N/A -289 832 N/A -653
-66 -938 N/A 507 -450 -952 N/A 360 N/A -600 N/A 212 -361 439 N/A 785 N/A 303 866 N/A 141 -727 614 N/A -378 -192 -738 366 N/A 472 832 -767 -699 -340 994 N/A 583 -786 -291 -981
236 565 519 N/A 552 -741 686 538 -128 597 N/A -124 -904 N/A -401 645 -354 -603 929 457 -376 932 N/A 619 -735 -823 885 -906 N/A -823 -47 594 N/A -987 N/A 506 94 917 397 N/A -461 N/A -818 -856 N/A -718 N/A 522 218 N/A -182 806 -746 N/A 985 -658 663 842 N/A 369 N/A -509 420
-253 N/A 694 -839 716 -321 N/A -479 N/A 826 N/A 181 N/A -690 N/A 256 358 N/A 506 -924 -179 743 641 -519 N/A 473 -23 N/A -593 706 76 -88 951 N/A -965 925 -194 605 122 N/A -277 N/A -54 -357 954 454 -881 N/A -298 978 783 949
-377 563 214 721 N/A -536 N/A 478 -999 N/A 977 N/A 213 -425 N/A 995 -880 N/A -751 488 N/A 690 1 815 147 -116 N/A 976 N/A -932 275 -746 -266 -10 -96 N/A -596 177 -749 -361 -811 147 469 715 N/A -402 -547 N/A 942 N/A 513 211 -411
-723 -772 894 N/A 236 -420 N/A -913 -151 -517 -952 -967 N/A -816 -763 N/A -807 -863 N/A -355 -777 -609 955 N/A -944 N/A 347 781 371 N/A -324 -200 -21 -565
-110 376 N/A 971 -271 553 201 -949 N/A -716 105 -438 N/A 162 886 N/A -690 N/A -377 533 -730 N/A -903 N/A 131 N/A 343 405 869 -685 758 -213 -233 774 352 -912 N/A -667 -794 -131 917 71 793 501 N/A -675 -148 -612 168 N/A 767 N/A 448 N/A -694 754 N/A 609 980 N/A -33 723 255 N/A -672
70 N/A -529 N/A -583 N/A -359 573 188 -481 -640 309 -895 N/A 496 N/A -335 -640 256 N/A 614 -610 -178 -985 -623 204 235 563 535 786 -897 -131 N/A 591 -869 N/A 881 -814 781 N/A 393 540 N/A -58 491 224 N/A -382 N/A -909 984 844 -709 N/A -346 N/A 97 307 -409 N/A 277 -835 163 N/A -729 -93 -243 757 N/A 166 -223
421 -589 -632 91 -520 N/A -626 -314 N/A -240 N/A -380 -435 N/A 399 -292 -760 N/A -244 -280 -330 N/A -361 591 931
-646 -456 N/A 425 -570 -831 N/A 804 -736 127 73 N/A 644 N/A -572 496 403 900 532 -92 N/A -630 -201 -401 N/A -148 N/A -17 -574 780 412 -82 -232 737 914 -112 348 346 N/A 457 N/A 50 223 N/A 487 N/A 519 291 943 N/A 648 -804 -934 -135 -735 -694 N/A -226 -609 N/A 930 N/A -938 -628 N/A -547 N/A 199 -68 -392 N/A 978 98 87 -854
515 -663 N/A 177 -817 -444 -243 830 992 736 207 -988 N/A -528 N/A 386 N/A 369 265 -387 N/A -11 20 N/A -396 -490 -717 N/A -83 803 N/A -847 656 -525 -587 442 -462 N/A 985 N/A 898 502 N/A 899 561 839 N/A -330 -850 728 498 187 N/A -955 N/A 793 N/A -181 479 -550
365 583 -542 N/A -578 N/A 56 N/A -254 54 N/A 510 929 -576 -595 -683 831 232 -767 186 N/A 605 -754 264 N/A 302 545 N/A -615 -499 -164 -652 -424 N/A 880 77 N/A 316 -808 -576 619 N/A -474
-775 321 -314 232 -333 N/A 542 358 -702 N/A -205 -990 -822 725 -510 N/A -492 N/A -217 -826 763 N/A -293 -544 777 -662 136 N/A -87 N/A 527 -363 N/A 11 -82 249 -138 -744 767 -788 N/A -432 -962 -580 N/A 813 N/A -294 784 N/A 288 N/A -681 252 N/A -382 497 135 83 135 N/A 596 N/A 817 N/A 930 -542 N/A 552 16 512 -981 762
212 -930 626 387 N/A -629 847 N/A -112 694 -563 N/A -983 N/A 868 -765 -453 -670 -838 -214 90 N/A 522 N/A -403 N/A 248 N/A -649 -849 701 -371 267 N/A -570 665 -453 744 233 N/A -390 N/A -789 N/A -290 927 829 183
-462 774 582 61 563 792 N/A 951 -765 N/A -428 -397 440 N/A -200 N/A -307 N/A 705 -375 -787 -430 N/A 222 N/A -897 626 N/A -952 356 303 N/A 313 322 287 13 N/A 401 453 618 N/A -496 360 -46 -34 174 -180
-820 489 N/A -360 -649 N/A 575 436 N/A -384 890 560 N/A -844 -514 -173 N/A -414 580 796 117 378 N/A 812 14 -729 -298 335 -992 -903 N/A 710 739 -301 -126 737 34 -313 -557 80 N/A 347 N/A 876 N/A 365 N/A 790 N/A -479 N/A -968 183 -806
-467 451 -712 829 455 N/A -298 N/A 764 -881 102 604 -191 -583 832 N/A -973 N/A -777 N/A -470 246 700 990 N/A 208 -575 N/A -112 N/A 604 817
-791 484 -817 -912 385 632 72 35 N/A 319 -447 50 N/A 313 -352 N/A 559 N/A -944 -505 -281 12 N/A 837 N/A -774 N/A 357 324 -817 -558 N/A 163 N/A -137 N/A 2 -401 -662 N/A 209 N/A 639 -836 -296 504 219 887 -416 707 N/A 684 -452 -194 -389 N/A 880 N/A -877 -793 -315 -230 N/A 220 -267 47
716 488 781 526 -197 12 -667 N/A 554 -118 N/A 923 N/A 527 -348 N/A 286 -232 616 N/A 205 -210 N/A -432 N/A -561 945 309 -289 N/A -622 -8 -160 -918 N/A -177 -971 117 -58 N/A 958 -934 N/A -538 767 N/A 692 847
953 N/A 174 307 -226 836 N/A 820 87 -298 765 272 N/A 426 -373 712 N/A -399 267 N/A -551 37 N/A 106 333 N/A -659 651 -309 -137 355 N/A -61 -731 -648 -630 96 -956 83 N/A 415 867 -816 351 138 -886 N/A 25 N/A -347 N/A 593 N/A -670 N/A -812 611 -359
556 307 -867 -648 307 818 N/A -619 N/A -961 871 -135 N/A 523 978 N/A 808 926 -237 -267 N/A -754 N/A -299 65 62 9 N/A -4 -138 N/A 666
-65 N/A 141 435 -452 N/A 220 378 -807 -62 720 -865 N/A -902 -115 N/A 129 192 N/A 83 457 N/A -105 433 146 494 -757 -216 -202 803 N/A 690 -949 103 N/A -47 N/A -643 739 275 N/A 512 227
137 -844 55 460 -532 -977 N/A 597 414 N/A -280 -434 310 -476 34 N/A 202 12 -65 N/A 895 N/A -300 N/A -983 -538 N/A -274 602 N/A 601 N/A 766 N/A 703 -327 -599 N/A 147 252 860 92 N/A -877 -336 56 552 369 -316 N/A 84 -315 -568 908 851 -36 N/A -960 N/A 231 N/A 824 -612 718 185
-467 -165 -224 48 N/A 414 374 N/A -978 8 N/A -793 219 -611 N/A -466 353 697 -111 991 -449 945 N/A -670 329 620 -192 N/A -500 N/A -361 788 981 -38 N/A 165 952 N/A -826 N/A -431 N/A -631 N/A 603 -405 585 N/A -53 N/A 357 -755 -827 597 805 N/A 687 -164 -922 -426 -997 749 991 364 N/A 168 552 N/A 73 -761
-136 N/A 865 -479 522 N/A -931 N/A -434 -762 -717 -708 -934 -988 -131 N/A -380 -658 -506 161 N/A -88 N/A -436 916 638 N/A -232
174 831 N/A -639 436 N/A 245 N/A -707 -193 N/A 224 -470 N/A 585 N/A 539 -223 833 N/A 206 N/A -491 -935 -843 598 N/A -943 -564 404 217 N/A -676 -217 932 531 N/A -81 212 945 720 N/A 341 -261 -558 N/A 25 142 726 N/A -441 256 895 524 520 -126 -426
-76 -471 971 897 N/A 790 N/A 317 N/A -990 -427 259 N/A 167 640 -537 917 -833 184 N/A -146 -437 N/A -510 475 -618 -448 N/A 949 -890 167
-662 N/A -221 -386 155 -821 931 -9 -784 N/A -251 -860 653 -411 264 N/A 830 N/A 282 N/A -880 -901 N/A -559 459 995 N/A -538 N/A -239 906 N/A 421 12 N/A -801 N/A 600 -342 -136 950 -378 N/A 102 -436 -861 124 -537 822 982 -163 N/A -57 N/A -411 -723 -26 N/A 793 411 362 832 346 -85 N/A -992 592
-169 209 N/A -969 N/A 882 379 N/A -768 N/A 70 402 543 363 699 N/A -648 -805 -495 114 -223 798 -781 219 N/A -918 N/A -974 107 N/A 369 500 N/A 117 703 712 N/A 944 N/A 169 -690 -1000 N/A -516 -646 889 -590 629 196
-412 352 365 56 N/A 848 N/A 565 N/A -143 733 -305 186 878 664 923 N/A 760 N/A -795 484 N/A -237 897 695 297 -987 -287 N/A -192 480 -997 N/A -833 N/A 125 N/A -418 872 540 N/A -147 -22 431 -95 N/A -980 -434 -583 990 -13 -645 N/A -697 -125
-906 -760 -215 103 N/A 216 N/A -13 N/A 679 187 N/A -135 N/A 172 44 59 N/A -389 N/A -395 687 68 481 N/A -414 -531 518 -875 N/A -820 -233 -732 -462 253 -39 N/A -1 -553 345 -92 N/A -586 161 -404 -391 968 N/A 835 162 N/A 274
-694 N/A 102 808 N/A 489 701 -449 N/A -384 821 N/A -455 207 331 -521 651 -436 N/A -17 -919 -757 546 N/A 284 261 -287 N/A -750 967 -608 361 N/A -723 649 -15 -342 N/A 620
-501 N/A 75 N/A -102 573 -363 308 -537 N/A 356 N/A -891 928 -420 N/A -957 N/A 298 -361 970 320 -704 90 -576